1 77 31
2 85 8
3 93 11
4 93 11
5 103 19
6 110 18
7 90 14
8 76 14
9 94 26
10 81 44
11 83 26
12 84 26
13 105 26
14 85 27
15 83 26
16 80 26
17 90 56
18 90 55
19 88 55
20 90 92
21 110 56
22 99 56
23 94 56
24 91 56
25 92 55
26 90 56
27 91 56
28 91 56
29 89 56
30 90 56
31 90 55
32 88 56
33 99 121
34 100 121
35 108 121
36 103 121
37 98 121
38 98 121
39 113 121
40 99 121
41 97 121
42 99 121
43 97 130
44 100 129
45 99 121
46 98 121
47 98 122
48 99 142
49 115 167
50 130 123
51 98 123
52 100 122
53 96 123
54 96 132
55 98 131
56 102 130
57 100 122
58 98 122
59 99 129
60 109 129
61 111 129
62 126 124
63 101 123
64 102 123
65 110 268
66 111 273
67 125 265
68 111 268
69 106 275
70 109 266
71 107 272
72 108 266
73 108 272
74 107 273
75 116 266
76 109 275
77 108 266
78 113 282
79 109 267
80 110 273
81 133 269
82 109 273
83 107 275
84 110 267
85 118 275
86 107 271
87 108 274
88 110 267
89 110 282
90 109 288
91 121 269
92 112 327
93 112 272
94 112 328
95 113 269
96 109 276
97 117 268
98 111 280
99 108 267
100 109 273
101 111 277
102 118 312
103 167 302
104 160 352
105 159 356
106 156 373
107 161 371
108 124 276
109 161 385
110 151 300
111 141 372
112 163 373
113 162 277
114 113 270
115 111 275
116 127 287
117 112 275
118 107 278
119 115 269
120 110 284
121 118 269
122 107 275
123 110 270
124 110 275
125 117 270
126 109 268
127 107 278
128 121 268
129 130 604
130 128 593
131 126 603
132 123 597
133 122 596
134 121 591
135 121 590
136 120 598
137 128 603
138 129 612
139 125 596
140 121 599
141 121 594
142 122 596
143 122 591
144 124 594
145 156 594
146 131 610
147 124 592
148 157 590
149 125 592
150 131 606
151 139 597
152 123 595
153 125 599
154 122 598
155 135 593
156 123 598
157 130 588
158 125 586
159 127 596
160 121 599
161 122 598
162 121 598
163 121 601
164 142 593
165 124 592
166 132 587
167 122 594
168 123 594
169 124 598
170 123 597
171 120 598
172 123 636
173 127 592
174 125 596
175 124 588
176 122 637
177 133 598
178 123 595
179 123 605
180 134 601
181 126 597
182 128 595
183 126 594
184 127 597
185 127 594
186 126 597
187 124 595
188 124 603
189 123 644
190 188 611
191 128 615
192 128 598
193 125 599
194 129 603
195 134 590
196 122 597
197 131 867
198 122 590
199 123 594
200 133 601
201 119 602
202 120 596
203 118 588
204 117 601
205 118 616
206 122 606
207 118 597
208 135 588
209 120 593
210 125 608
211 125 612
212 116 591
213 119 596
214 119 607
215 118 602
216 120 595
217 119 590
218 135 623
219 124 698
220 125 588
221 119 593
222 129 602
223 128 604
224 118 596
225 120 630
226 121 596
227 119 838
228 178 662
229 124 598
230 161 606
231 119 600
232 120 593
233 127 610
234 123 602
235 121 618
236 123 656
237 134 601
238 121 605
239 118 598
240 118 595
241 118 597
242 120 601
243 115 606
244 119 594
245 116 595
246 159 597
247 118 639
248 120 606
249 118 597
250 116 596
251 134 588
252 116 631
253 120 605
254 118 633
255 123 592
256 117 629
257 149 1296
258 207 1610
259 194 1700
260 154 1299
261 151 1300
262 169 1480
263 147 1313
264 139 1307
265 139 1297
266 146 1291
267 138 1295
268 138 1298
269 141 1297
270 148 1305
271 145 1296
272 139 1301
273 146 1536
274 139 1305
275 140 1289
276 134 1302
277 131 1297
278 142 1329
279 146 1299
280 141 1292
281 135 1296
282 152 1296
283 134 1297
284 135 1297
285 137 1290
286 136 1302
287 145 1350
288 140 1294
289 135 1320
290 189 1523
291 140 1301
292 137 1299
293 154 1681
294 144 1321
295 139 1301
296 136 1334
297 140 1312
298 136 1310
299 144 1546
300 209 1757
301 171 1322
302 140 1300
303 137 1306
304 135 1288
305 134 1295
306 135 1303
307 135 1292
308 134 1296
309 135 1608
310 204 1734
311 196 1736
312 205 1825
313 189 1347
314 154 1310
315 140 1324
316 145 1297
317 173 1301
318 161 1304
319 133 1294
320 134 1323
321 136 1319
322 138 1298
323 134 1304
324 141 1299
325 133 1296
326 136 1312
327 136 1299
328 134 1343
329 141 1299
330 136 1289
331 141 1533
332 143 1301
333 135 1294
334 132 1293
335 133 1300
336 137 1297
337 131 1299
338 135 1291
339 142 1297
340 138 1301
341 134 1297
342 135 1297
343 146 1331
344 131 1305
345 133 1299
346 132 1295
347 141 1298
348 132 1318
349 136 1302
350 133 1308
351 135 1300
352 138 1304
353 135 1301
354 135 1306
355 143 1295
356 132 1306
357 134 1324
358 146 1311
359 134 1305
360 135 1293
361 132 1300
362 131 1309
363 140 1303
364 133 1299
365 133 1305
366 136 1308
367 138 1300
368 171 1292
369 158 1341
370 137 1344
371 138 1306
372 135 1364
373 165 1305
374 143 1299
375 134 1299
376 133 1722
377 169 1523
378 208 1605
379 139 1304
380 138 1310
381 142 1297
382 132 1305
383 136 1312
384 136 1300
385 134 1302
386 142 1397
387 148 1304
388 142 1301
389 137 1301
390 133 1306
391 134 1314
392 133 1304
393 133 1300
394 140 1298
395 132 1303
396 131 1307
397 132 1304
398 132 1297
399 132 1296
400 133 1300
401 152 1413
402 138 1310
403 159 1305
404 134 1302
405 135 1311
406 133 1299
407 135 1297
408 136 1302
409 135 1305
410 135 1347
411 145 1308
412 143 1303
413 131 1307
414 136 1303
415 136 1301
416 134 1298
417 134 1303
418 134 1311
419 133 1303
420 134 1310
421 133 1306
422 134 1315
423 131 1302
424 132 1300
425 142 1298
426 136 1298
427 144 1370
428 138 1300
429 134 1346
430 135 1317
431 135 1303
432 140 1296
433 134 1301
434 202 1310
435 136 1305
436 145 1300
437 131 1305
438 136 1302
439 132 1293
440 132 1323
441 163 1488
442 137 1382
443 141 1375
444 139 1302
445 133 1303
446 132 1300
447 137 1300
448 220 1371
449 131 1309
450 134 1311
451 133 1354
452 141 1310
453 134 1302
454 138 1310
455 133 1317
456 135 1324
457 131 1310
458 133 1302
459 130 1303
460 132 1301
461 143 1328
462 139 1316
463 138 1442
464 135 1306
465 132 1381
466 161 1300
467 137 1323
468 139 1676
469 143 1449
470 134 1312
471 152 1302
472 134 1301
473 141 1311
474 133 1307
475 134 1301
476 145 1301
477 133 1301
478 134 1303
479 144 1303
480 134 1327
481 136 1743
482 184 1325
483 145 1306
484 136 1310
485 134 1307
486 152 1302
487 136 1305
488 135 1310
489 132 1305
490 133 1307
491 142 1301
492 141 1481
493 140 1312
494 142 1302
495 132 1302
496 138 1343
497 153 1313
498 140 1321
499 134 1358
500 142 1306
501 135 1301
502 139 1309
503 138 1317
504 135 1305
505 135 1322
506 133 1303
507 136 1485
508 132 1303
509 139 1368
510 133 1310
511 134 1306
512 148 1307
513 167 2814
514 165 2827
515 166 2814
516 164 2825
517 167 2819
518 168 2817
519 177 2807
520 166 2820
521 167 2829
522 174 2823
523 166 2837
524 170 2881
525 263 2867
526 174 2807
527 167 2815
528 167 2836
529 168 2811
530 170 2823
531 167 2807
532 170 2819
533 165 2850
534 167 2822
535 168 2851
536 171 2809
537 168 2824
538 166 2856
539 181 2814
540 169 2814
541 164 2831
542 179 2893
543 167 2816
544 165 2937
545 175 2824
546 191 2813
547 166 2823
548 162 2820
549 165 2862
550 168 2945
551 165 2818
552 171 2813
553 164 2815
554 166 2814
555 165 2808
556 166 2834
557 179 3138
558 175 3253
559 181 2944
560 170 3274
561 187 2823
562 175 2927
563 165 2921
564 166 2813
565 165 2816
566 167 2932
567 166 2819
568 180 2992
569 167 2995
570 244 3764
571 246 3787
572 197 2844
573 174 2834
574 173 2817
575 168 2840
576 216 3535
577 220 2820
578 170 2826
579 165 2830
580 167 2856
581 169 2816
582 165 2809
583 164 2816
584 182 2814
585 183 2857
586 181 2814
587 169 2832
588 186 2825
589 182 2823
590 169 2824
591 167 2810
592 168 2839
593 167 2835
594 167 2823
595 167 2817
596 166 2817
597 166 2951
598 168 2819
599 165 2923
600 182 2857
601 171 2813
602 173 2818
603 167 2806
604 166 2811
605 170 2973
606 167 2844
607 168 2818
608 166 2831
609 171 2863
610 171 2818
611 179 2833
612 176 2830
613 184 3071
614 171 2821
615 185 2821
616 170 2828
617 172 2817
618 164 2817
619 165 2936
620 172 2821
621 167 2884
622 188 2818
623 182 2993
624 173 3053
625 177 3427
626 189 3214
627 192 3364
628 187 3357
629 187 3330
630 190 3342
631 192 3357
632 189 3453
633 193 3332
634 194 3360
635 189 4218
636 193 3362
637 204 3232
638 183 3226
639 182 3243
640 191 3216
641 184 3240
642 201 3257
643 183 3261
644 200 3284
645 184 3227
646 189 3263
647 188 3269
648 181 3257
649 178 3171
650 177 3179
651 204 3258
652 184 3167
653 190 3005
654 176 3078
655 177 3022
656 182 3030
657 179 3013
658 171 2918
659 183 3026
660 185 3014
661 179 3006
662 174 3130
663 189 3089
664 178 3008
665 176 3111
666 193 2943
667 176 2941
668 181 3035
669 183 2999
670 173 3063
671 229 3644
672 230 2912
673 180 3014
674 179 2837
675 168 2996
676 168 2988
677 173 2835
678 170 2843
679 168 2837
680 171 2932
681 175 2866
682 190 2872
683 203 2903
684 176 2936
685 194 2887
686 180 2815
687 168 2834
688 172 2829
689 179 2819
690 169 2830
691 166 2829
692 169 2823
693 167 2822
694 167 2833
695 166 2875
696 170 2822
697 168 2828
698 194 2850
699 168 2818
700 178 2831
701 168 2815
702 175 2827
703 171 2817
704 167 2827
705 169 2815
706 171 2820
707 168 2819
708 171 2820
709 168 2820
710 165 2847
711 168 2820
712 188 2828
713 168 2831
714 174 2820
715 186 2824
716 189 2854
717 185 2825
718 174 3235
719 177 2849
720 170 2937
721 195 2833
722 170 2825
723 165 2841
724 167 2821
725 167 2824
726 167 2826
727 166 2819
728 164 2871
729 172 2857
730 189 2835
731 169 2921
732 215 3839
733 247 3797
734 207 2857
735 182 2851
736 177 2849
737 171 2813
738 169 2861
739 169 2838
740 172 2968
741 170 2914
742 182 2951
743 176 2889
744 169 3017
745 189 3235
746 170 2869
747 175 2824
748 169 2835
749 169 2832
750 170 2834
751 165 2821
752 167 2842
753 168 2832
754 172 2827
755 183 2849
756 171 3032
757 172 2849
758 176 2814
759 184 2820
760 167 2896
761 172 2826
762 168 2826
763 172 2844
764 172 2831
765 181 2833
766 185 2825
767 167 2821
768 166 3033
769 170 2934
770 168 2821
771 165 2822
772 167 2907
773 165 2825
774 173 2814
775 169 2818
776 174 2822
777 203 2818
778 173 2833
779 170 2834
780 206 3813
781 345 2849
782 182 2834
783 174 2820
784 168 2831
785 173 2824
786 171 2835
787 218 2851
788 183 2933
789 175 2851
790 168 2820
791 166 2821
792 167 2823
793 165 2835
794 170 2833
795 166 2829
796 166 2844
797 183 2839
798 176 2828
799 167 2830
800 171 3075
801 167 2824
802 165 2824
803 169 2930
804 176 2840
805 171 2819
806 177 2829
807 182 2836
808 171 2843
809 180 2871
810 170 2832
811 168 2826
812 186 2985
813 175 2845
814 179 2826
815 166 2819
816 168 2820
817 168 2829
818 167 2856
819 168 2829
820 168 2824
821 169 2844
822 170 2829
823 183 2828
824 169 3035
825 184 3308
826 205 2840
827 173 2823
828 166 2817
829 168 2882
830 174 2836
831 169 2821
832 165 2825
833 167 2857
834 167 2851
835 179 2828
836 171 2827
837 175 2820
838 182 2821
839 165 2891
840 185 2876
841 167 2820
842 166 2874
843 171 2838
844 166 3048
845 183 2853
846 170 2833
847 168 2888
848 173 2828
849 166 2826
850 170 2826
851 166 2838
852 168 2826
853 170 2835
854 169 2835
855 172 2862
856 187 2839
857 168 2825
858 165 2825
859 171 2837
860 168 2828
861 165 2826
862 169 2831
863 170 2840
864 182 2827
865 167 2824
866 167 2885
867 167 2827
868 175 2815
869 168 2859
870 167 2828
871 168 2830
872 167 3143
873 168 2820
874 184 2824
875 175 2827
876 171 2861
877 169 2821
878 187 3399
879 240 2872
880 177 2822
881 215 2866
882 172 2853
883 170 3140
884 167 2830
885 168 2925
886 176 2932
887 188 2830
888 168 2954
889 168 2937
890 175 2941
891 176 2828
892 171 2897
893 180 2841
894 169 2856
895 186 2842
896 178 2833
897 235 3798
898 245 3822
899 178 2856
900 171 2834
901 171 2838
902 168 2959
903 178 2833
904 166 2863
905 186 2828
906 174 2822
907 176 2827
908 169 2831
909 167 2832
910 168 2850
911 184 2841
912 171 2855
913 168 2839
914 177 2849
915 166 2828
916 168 2831
917 166 2856
918 169 2831
919 168 2830
920 185 2838
921 169 2941
922 170 2826
923 176 2932
924 181 2857
925 173 2840
926 169 2914
927 188 3056
928 169 2827
929 165 2832
930 166 2830
931 171 2833
932 174 2834
933 166 2827
934 182 2890
935 169 2826
936 199 3730
937 331 3883
938 246 3503
939 194 3605
940 244 2878
941 222 3251
942 181 3064
943 172 2876
944 169 2829
945 190 2845
946 165 2892
947 173 3057
948 172 2978
949 174 2836
950 169 2889
951 169 2835
952 165 2922
953 174 2837
954 171 2834
955 181 2958
956 192 2862
957 174 2838
958 182 2950
959 177 2839
960 174 2867
961 166 2832
962 163 2846
963 165 2831
964 171 3019
965 164 2836
966 176 2869
967 171 2823
968 166 2858
969 167 2862
970 168 2864
971 166 3004
972 181 2929
973 165 3112
974 165 2829
975 167 3795
976 170 2970
977 172 2831
978 163 2861
979 165 2831
980 166 2833
981 164 2848
982 166 2826
983 164 2837
984 164 2827
985 183 3021
986 162 2837
987 165 3576
988 170 2848
989 166 2860
990 164 2827
991 166 2863
992 171 2867
993 171 2909
994 165 2932
995 169 2891
996 164 2890
997 172 2925
998 189 2986
999 169 2978
1000 166 2826
1001 163 2924
1002 164 2830
1003 162 2873
1004 196 2844
1005 167 3061
1006 163 2870
1007 162 2879
1008 170 3370
1009 171 2860
1010 171 2863
1011 168 2831
1012 176 2935
1013 165 2831
1014 188 2871
1015 167 2850
1016 167 2834
1017 165 2833
1018 164 2836
1019 163 2954
1020 188 2853
1021 172 2824
1022 171 2839
1023 178 2850
1024 168 2895
1025 226 6094
1026 225 6075
1027 218 6107
1028 243 6135
1029 219 6099
1030 233 6129
1031 228 6167
1032 228 6122
1033 222 6493
1034 222 6106
1035 226 6071
1036 247 6577
1037 236 6413
1038 220 6108
1039 226 6075
1040 236 6096
1041 225 6092
1042 226 6088
1043 409 8144
1044 246 6245
1045 224 6102
1046 221 6066
1047 224 6193
1048 226 6079
1049 232 6103
1050 225 6130
1051 223 6333
1052 230 6096
1053 235 6184
1054 239 6232
1055 224 6410
1056 236 6170
1057 231 6236
1058 245 6369
1059 237 6372
1060 229 6219
1061 229 6227
1062 231 6195
1063 230 6151
1064 224 6101
1065 238 6292
1066 230 6484
1067 227 6145
1068 239 6311
1069 231 6338
1070 232 6245
1071 234 6596
1072 244 6085
1073 233 6183
1074 286 6098
1075 232 6201
1076 227 6113
1077 229 6615
1078 235 6421
1079 270 6809
1080 272 6442
1081 253 6436
1082 233 6302
1083 224 6159
1084 222 6114
1085 227 6108
1086 229 6084
1087 221 6568
1088 335 8531
1089 262 6080
1090 224 6178
1091 221 6187
1092 222 6081
1093 226 6139
1094 226 6086
1095 221 6244
1096 233 6209
1097 239 6088
1098 226 6735
1099 227 6133
1100 225 6102
1101 231 6103
1102 235 6149
1103 234 6314
1104 226 6147
1105 223 6104
1106 226 6252
1107 259 6095
1108 223 14170
1109 325 8217
1110 334 8157
1111 350 8378
1112 329 9072
1113 334 26050
1114 331 8588
1115 333 8395
1116 343 8530
1117 352 8170
1118 324 9000
1119 348 8583
1120 351 14840
1121 376 8803
1122 341 8481
1123 338 8274
1124 330 8376
1125 337 8410
1126 330 8149
1127 327 8690
1128 354 8365
1129 342 8603
1130 328 9961
1131 349 8350
1132 355 8168
1133 335 8313
1134 345 8199
1135 340 8160
1136 341 8540
1137 347 8282
1138 349 8153
1139 350 8130
1140 352 11387
1141 345 8234
1142 346 8507
1143 306 29315
1144 334 31208
1145 328 14691
1146 319 28816
1147 296 15200
1148 352 15032
1149 342 6068
1150 239 7011
1151 253 6079
1152 221 6114
1153 222 6097
1154 227 6096
1155 229 6109
1156 276 6881
1157 237 6085
1158 220 6102
1159 236 6105
1160 232 6257
1161 223 6105
1162 227 6083
1163 218 6104
1164 226 6244
1165 236 6101
1166 229 6383
1167 240 6175
1168 275 6163
1169 230 6228
1170 223 6097
1171 229 6379
1172 240 6103
1173 228 6474
1174 241 6354
1175 240 6505
1176 245 6382
1177 231 6514
1178 247 6494
1179 230 6536
1180 325 8350
1181 276 6357
1182 225 6301
1183 232 6369
1184 229 6471
1185 234 6147
1186 231 6109
1187 240 6086
1188 223 6092
1189 220 6196
1190 221 6329
1191 233 6150
1192 256 6272
1193 257 6079
1194 219 6085
1195 216 6114
1196 238 6143
1197 229 6099
1198 222 6094
1199 221 6108
1200 221 6087
1201 245 6093
1202 227 6072
1203 226 6255
1204 233 6152
1205 241 6234
1206 215 6456
1207 219 6270
1208 233 6706
1209 240 6090
1210 232 6093
1211 230 6092
1212 233 6155
1213 253 6207
1214 218 6294
1215 253 6097
1216 219 6101
1217 233 6268
1218 221 6116
1219 228 6100
1220 222 6087
1221 220 6296
1222 226 6084
1223 221 6138
1224 220 6099
1225 221 6450
1226 221 6198
1227 219 6105
1228 219 6167
1229 219 6096
1230 225 6100
1231 221 6458
1232 240 6087
1233 284 6175
1234 223 6112
1235 219 6105
1236 225 6108
1237 240 6160
1238 219 6081
1239 217 6226
1240 223 6088
1241 220 6205
1242 219 6248
1243 218 6082
1244 218 6092
1245 218 6143
1246 222 6077
1247 218 6098
1248 235 6077
1249 228 6087
1250 221 6454
1251 243 6110
1252 230 6104
1253 217 6171
1254 234 6326
1255 226 6084
1256 219 6204
1257 222 6122
1258 233 6089
1259 233 6091
1260 230 6135
1261 227 6123
1262 226 6316
1263 228 6091
1264 308 8316
1265 244 6166
1266 228 6148
1267 226 6320
1268 223 6114
1269 227 6143
1270 261 6200
1271 247 6156
1272 230 6159
1273 235 6128
1274 223 6168
1275 232 6359
1276 237 6147
1277 230 6233
1278 221 6191
1279 220 6092
1280 244 6154
1281 249 6087
1282 226 6151
1283 229 6124
1284 221 6105
1285 243 6163
1286 219 6129
1287 220 6138
1288 226 6146
1289 243 6221
1290 221 6141
1291 218 6903
1292 222 6150
1293 222 6128
1294 222 6127
1295 231 6163
1296 223 6124
1297 229 6308
1298 232 6111
1299 236 6258
1300 229 6263
1301 230 6117
1302 229 6093
1303 223 6210
1304 220 6091
1305 219 6108
1306 226 6344
1307 220 6100
1308 229 6180
1309 221 6094
1310 228 6105
1311 218 6250
1312 224 6089
1313 220 6092
1314 221 6599
1315 224 6119
1316 276 6150
1317 224 6087
1318 221 6124
1319 222 6127
1320 223 6105
1321 227 6099
1322 220 6137
1323 225 6179
1324 237 6128
1325 229 6122
1326 221 6105
1327 225 6096
1328 221 6106
1329 228 6092
1330 222 6100
1331 254 6226
1332 239 6149
1333 295 8090
1334 231 6155
1335 225 6166
1336 231 6127
1337 235 6085
1338 218 6386
1339 222 6238
1340 236 6398
1341 234 6105
1342 228 6104
1343 223 6118
1344 228 6115
1345 229 6122
1346 220 6111
1347 235 6617
1348 315 7903
1349 250 6163
1350 226 6219
1351 226 6113
1352 221 6139
1353 223 8192
1354 302 8174
1355 325 8151
1356 353 8768
1357 329 8595
1358 313 8252
1359 328 8187
1360 324 14810
1361 338 15703
1362 355 22959
1363 363 19194
1364 350 8329
1365 2386 9904
1366 336 8622
1367 319 8847
1368 358 8249
1369 344 8220
1370 348 10244
1371 377 8389
1372 369 8770
1373 368 8791
1374 337 8550
1375 326 8481
1376 346 8301
1377 333 8189
1378 345 8202
1379 328 8280
1380 342 15730
1381 336 14741
1382 328 8329
1383 336 8583
1384 352 8313
1385 7344 9952
1386 383 8291
1387 372 8183
1388 295 9517
1389 246 6118
1390 223 6131
1391 238 6111
1392 221 6274
1393 226 6097
1394 221 6280
1395 223 6092
1396 242 6150
1397 225 6240
1398 237 6131
1399 240 6507
1400 226 6105
1401 224 6112
1402 224 6106
1403 227 6143
1404 234 6104
1405 220 6245
1406 230 6204
1407 224 6200
1408 225 6235
1409 249 6112
1410 225 6120
1411 222 6107
1412 220 6423
1413 230 6356
1414 242 6344
1415 307 8208
1416 273 6375
1417 238 6133
1418 229 6225
1419 223 6267
1420 229 6098
1421 247 6267
1422 241 6360
1423 223 6483
1424 243 6704
1425 232 6093
1426 226 6086
1427 221 6142
1428 230 6100
1429 220 6117
1430 225 6100
1431 223 6111
1432 231 6108
1433 224 6103
1434 221 6098
1435 223 6103
1436 225 6094
1437 226 6217
1438 219 6289
1439 223 6095
1440 223 6211
1441 229 6104
1442 224 6254
1443 223 6083
1444 222 6160
1445 223 6119
1446 223 6431
1447 228 6537
1448 230 6387
1449 231 6487
1450 230 6253
1451 236 6311
1452 225 6384
1453 229 6520
1454 248 6616
1455 235 6602
1456 248 6541
1457 233 6544
1458 226 6213
1459 230 6243
1460 228 6380
1461 235 6099
1462 220 6558
1463 244 6265
1464 276 6305
1465 223 6412
1466 245 6340
1467 236 6483
1468 218 6106
1469 217 6093
1470 225 6321
1471 226 6680
1472 229 6168
1473 225 6114
1474 280 6426
1475 221 6408
1476 235 6125
1477 226 6269
1478 219 6170
1479 215 6223
1480 238 6201
1481 231 6394
1482 265 6180
1483 220 6174
1484 227 6193
1485 239 6162
1486 235 6109
1487 223 6269
1488 231 6580
1489 238 6614
1490 249 6501
1491 231 6531
1492 233 6508
1493 257 6596
1494 232 6506
1495 250 6591
1496 237 6626
1497 229 6554
1498 326 8439
1499 306 6307
1500 246 6455
1501 260 6134
1502 233 6226
1503 234 6159
1504 251 6398
1505 223 6444
1506 246 6099
1507 226 6204
1508 219 6115
1509 233 6173
1510 229 6330
1511 229 6242
1512 224 6106
1513 245 6341
1514 222 6102
1515 221 6187
1516 221 6237
1517 229 6283
1518 230 6430
1519 223 6158
1520 226 6124
1521 225 6224
1522 239 6268
1523 220 6161
1524 249 6476
1525 236 6863
1526 257 6271
1527 228 6435
1528 239 6163
1529 231 6422
1530 234 6174
1531 235 6123
1532 231 6089
1533 219 6120
1534 236 6165
1535 216 6109
1536 218 6177
1537 223 6113
1538 218 6125
1539 222 6114
1540 220 6107
1541 218 6111
1542 216 6108
1543 226 6118
1544 219 6323
1545 230 6119
1546 243 6122
1547 222 6111
1548 220 6129
1549 230 6124
1550 231 6135
1551 221 6203
1552 230 6215
1553 233 6192
1554 223 6394
1555 227 6122
1556 221 6106
1557 220 6109
1558 219 6212
1559 224 6292
1560 220 6115
1561 221 6150
1562 225 6220
1563 228 6101
1564 236 6148
1565 223 6137
1566 235 6118
1567 231 6125
1568 222 6267
1569 223 6103
1570 235 6192
1571 228 6176
1572 241 6185
1573 225 6114
1574 223 6314
1575 292 6469
1576 228 6111
1577 229 6101
1578 245 6173
1579 234 6183
1580 227 6334
1581 220 6937
1582 326 7598
1583 249 6166
1584 221 6379
1585 243 6121
1586 227 6187
1587 230 6129
1588 228 6163
1589 222 6129
1590 227 6239
1591 221 6124
1592 224 6107
1593 226 6153
1594 227 6153
1595 226 6127
1596 240 6874
1597 224 6125
1598 224 6107
1599 229 6341
1600 220 6108
1601 266 6139
1602 228 6123
1603 224 6113
1604 222 6153
1605 225 6100
1606 222 6119
1607 239 6107
1608 239 6163
1609 220 6106
1610 228 6452
1611 224 6116
1612 224 6124
1613 226 6508
1614 225 9220
1615 264 6206
1616 231 6503
1617 231 6122
1618 237 6215
1619 222 6128
1620 237 6254
1621 253 6496
1622 224 6400
1623 237 6135
1624 222 6161
1625 227 6180
1626 228 6496
1627 221 6161
1628 294 6190
1629 221 6107
1630 220 6123
1631 222 6118
1632 221 6120
1633 218 6090
1634 227 6218
1635 219 6158
1636 224 6127
1637 222 6102
1638 325 6146
1639 249 6147
1640 223 6191
1641 221 6102
1642 216 6120
1643 239 6151
1644 228 6145
1645 235 6214
1646 283 6318
1647 231 6331
1648 223 6108
1649 219 6108
1650 230 6110
1651 228 6155
1652 223 6114
1653 223 6116
1654 220 6130
1655 231 6126
1656 224 6159
1657 221 6124
1658 221 6111
1659 222 6229
1660 223 6241
1661 222 6111
1662 224 6245
1663 228 6105
1664 243 6143
1665 309 8201
1666 262 6192
1667 222 6147
1668 228 6319
1669 228 6187
1670 235 7126
1671 223 6137
1672 221 6223
1673 220 6113
1674 229 6126
1675 227 6150
1676 224 6106
1677 231 6123
1678 232 6151
1679 226 6110
1680 245 6204
1681 226 6148
1682 221 6108
1683 224 6111
1684 228 6108
1685 220 7886
1686 227 6154
1687 225 6163
1688 224 6121
1689 221 6109
1690 225 6151
1691 223 6113
1692 220 6276
1693 250 6213
1694 234 6208
1695 223 6250
1696 246 6394
1697 229 6114
1698 224 6333
1699 223 6113
1700 224 6287
1701 221 6152
1702 281 6124
1703 225 6148
1704 230 6232
1705 236 6119
1706 302 8260
1707 353 8227
1708 350 18499
1709 368 17024
1710 326 8264
1711 332 8296
1712 325 8230
1713 325 8201
1714 320 8206
1715 351 8449
1716 324 8288
1717 339 8248
1718 357 8261
1719 348 23028
1720 338 10380
1721 348 8624
1722 338 8250
1723 337 14965
1724 327 8191
1725 339 8197
1726 338 8359
1727 333 8329
1728 353 8234
1729 326 19574
1730 322 8237
1731 359 7210
1732 229 6157
1733 225 6173
1734 232 7835
1735 350 6998
1736 227 6113
1737 239 6145
1738 225 6360
1739 225 6108
1740 226 6161
1741 222 6111
1742 228 6113
1743 223 6115
1744 222 6118
1745 218 6411
1746 231 6131
1747 231 6169
1748 227 6140
1749 222 6113
1750 219 6115
1751 220 6127
1752 224 6148
1753 229 6170
1754 224 6118
1755 222 7015
1756 224 6109
1757 220 6113
1758 219 6456
1759 230 6586
1760 244 6140
1761 251 6379
1762 241 6116
1763 226 6164
1764 222 6123
1765 228 6354
1766 225 6142
1767 222 6190
1768 258 6128
1769 228 6171
1770 252 6137
1771 228 8339
1772 355 7910
1773 299 7252
1774 227 6127
1775 222 6159
1776 222 6432
1777 235 6131
1778 277 6348
1779 236 6180
1780 232 6112
1781 222 6206
1782 224 6124
1783 223 6107
1784 229 6129
1785 231 6106
1786 222 6260
1787 227 6149
1788 234 6111
1789 234 6141
1790 240 6111
1791 234 6120
1792 246 6126
1793 231 6148
1794 223 6182
1795 222 6126
1796 231 6532
1797 231 6175
1798 226 6152
1799 222 6156
1800 228 6130
1801 233 6118
1802 228 6181
1803 229 6125
1804 227 6162
1805 222 6320
1806 237 6106
1807 221 6643
1808 227 6384
1809 237 6122
1810 233 6256
1811 233 6116
1812 222 6229
1813 226 6121
1814 220 6122
1815 220 6120
1816 236 6123
1817 224 7191
1818 327 7383
1819 229 6196
1820 221 6377
1821 223 6119
1822 218 6219
1823 230 6117
1824 228 6116
1825 224 6123
1826 228 6123
1827 222 6175
1828 222 6134
1829 285 6117
1830 223 6173
1831 227 6116
1832 231 6116
1833 220 6129
1834 219 6113
1835 218 6196
1836 231 6118
1837 221 6213
1838 226 6120
1839 227 6127
1840 223 6172
1841 225 6127
1842 237 6210
1843 224 6130
1844 227 6459
1845 228 6160
1846 223 6224
1847 220 6121
1848 222 6128
1849 274 6407
1850 220 6147
1851 233 6122
1852 224 6221
1853 231 6144
1854 232 6224
1855 223 6143
1856 223 6129
1857 221 6129
1858 222 6126
1859 238 6124
1860 220 6759
1861 225 6177
1862 226 6203
1863 234 6159
1864 227 6134
1865 222 6129
1866 220 6303
1867 223 6118
1868 219 6121
1869 232 6120
1870 222 6113
1871 221 6133
1872 325 6118
1873 230 6136
1874 218 6129
1875 223 6151
1876 234 6144
1877 232 6113
1878 225 6141
1879 242 6194
1880 222 6150
1881 231 6145
1882 222 6133
1883 221 6154
1884 220 6206
1885 231 6229
1886 223 6142
1887 225 6107
1888 217 6197
1889 227 6113
1890 221 6495
1891 241 7045
1892 262 6795
1893 238 6839
1894 231 6313
1895 237 6130
1896 218 6359
1897 268 6307
1898 224 6327
1899 232 6204
1900 240 6458
1901 307 8683
1902 268 6829
1903 287 6329
1904 239 6353
1905 240 6519
1906 219 7069
1907 225 6487
1908 224 6292
1909 243 6318
1910 231 6519
1911 220 6214
1912 239 6193
1913 236 6294
1914 236 6422
1915 222 6365
1916 220 6315
1917 223 6212
1918 241 6237
1919 253 6238
1920 225 6333
1921 230 6118
1922 229 6186
1923 231 6386
1924 240 6441
1925 222 6275
1926 222 6121
1927 221 6240
1928 239 6401
1929 222 6096
1930 226 6344
1931 220 6424
1932 226 6254
1933 220 6126
1934 226 6127
1935 243 6148
1936 223 6117
1937 221 6176
1938 222 6125
1939 223 6134
1940 235 6384
1941 221 6167
1942 290 6178
1943 232 6157
1944 223 6109
1945 222 6166
1946 223 6121
1947 221 6116
1948 219 6127
1949 225 6116
1950 222 6183
1951 223 6159
1952 224 6160
1953 230 6129
1954 230 6237
1955 219 6124
1956 221 6227
1957 244 6129
1958 235 6186
1959 231 6120
1960 239 6488
1961 226 6181
1962 225 6156
1963 230 6118
1964 230 6259
1965 259 6114
1966 282 6275
1967 233 6154
1968 225 7472
1969 236 6145
1970 228 6117
1971 220 6132
1972 223 6242
1973 223 6556
1974 261 6245
1975 234 6442
1976 225 6340
1977 227 6139
1978 222 6144
1979 230 6136
1980 235 6193
1981 227 6338
1982 220 6226
1983 245 6179
1984 313 8584
1985 267 6268
1986 226 6891
1987 232 6130
1988 224 6219
1989 221 6177
1990 238 6425
1991 224 6241
1992 224 6253
1993 226 6317
1994 251 6307
1995 232 6338
1996 231 6223
1997 228 6552
1998 237 6170
1999 227 6234
2000 222 6329
2001 233 6874
2002 224 6222
2003 221 6295
2004 235 6361
2005 227 6398
2006 228 6124
2007 218 6180
2008 222 6248
2009 234 6227
2010 222 6285
2011 223 6118
2012 221 6706
2013 328 6155
2014 226 6470
2015 237 6131
2016 241 6222
2017 226 6171
2018 224 6159
2019 223 6169
2020 222 6135
2021 219 6187
2022 222 6176
2023 219 6329
2024 249 6146
2025 222 6152
2026 232 6138
2027 221 6148
2028 220 6138
2029 218 6125
2030 232 6133
2031 233 6125
2032 233 6239
2033 224 6149
2034 220 6125
2035 221 6123
2036 220 6126
2037 220 6269
2038 221 6188
2039 223 6158
2040 224 6152
2041 226 6142
2042 224 6624
2043 231 6148
2044 222 6121
2045 220 6136
2046 225 6123
2047 235 6122
2048 223 6153
2049 335 13193
2050 338 13255
2051 344 13138
2052 340 13405
2053 389 13509
2054 329 13265
2055 343 13119
2056 343 13488
2057 345 14013
2058 514 14711
2059 339 13163
2060 344 13077
2061 334 13443
2062 442 13140
2063 353 13098
2064 334 13076
2065 335 13173
2066 334 13099
2067 355 13268
2068 343 13433
2069 331 13305
2070 332 13139
2071 333 13290
2072 335 13148
2073 342 13692
2074 349 13550
2075 345 13632
2076 339 13906
2077 329 14238
2078 332 13097
2079 328 13354
2080 327 13111
2081 343 13102
2082 337 13311
2083 334 13111
2084 332 13111
2085 336 13277
2086 328 13533
2087 335 13223
2088 329 13093
2089 340 13119
2090 333 13276
2091 336 13077
2092 335 13173
2093 328 13117
2094 376 13344
2095 334 13382
2096 330 13165
2097 335 13303
2098 327 13527
2099 329 15546
2100 363 13160
2101 329 15586
2102 366 14699
2103 357 15015
2104 402 15580
2105 372 15585
2106 381 15355
2107 370 14812
2108 363 14448
2109 355 14543
2110 347 14079
2111 362 16984
2112 371 14498
2113 369 14538
2114 364 15062
2115 350 14238
2116 349 14253
2117 349 14040
2118 340 14060
2119 350 14019
2120 348 14696
2121 367 14464
2122 348 14038
2123 333 13319
2124 335 13127
2125 333 19358
2126 356 13170
2127 329 13089
2128 336 13094
2129 383 13228
2130 331 13096
2131 328 13075
2132 341 13135
2133 342 13639
2134 361 13216
2135 343 13165
2136 339 13101
2137 333 13308
2138 425 13112
2139 334 15603
2140 377 13459
2141 364 13155
2142 338 13108
2143 344 13327
2144 329 13134
2145 339 13158
2146 355 13883
2147 342 13175
2148 363 13444
2149 331 13100
2150 338 13115
2151 342 13390
2152 360 13116
2153 346 14683
2154 359 14875
2155 347 14176
2156 356 14282
2157 405 13458
2158 338 13490
2159 332 13208
2160 329 13370
2161 349 13574
2162 334 13458
2163 335 13097
2164 341 13114
2165 388 13301
2166 331 13863
2167 351 13242
2168 336 13233
2169 357 13436
2170 342 13316
2171 338 13220
2172 331 13251
2173 349 13349
2174 333 14056
2175 361 13228
2176 344 13108
2177 353 13123
2178 334 13150
2179 344 13124
2180 344 16168
2181 340 13111
2182 348 13468
2183 359 13133
2184 330 13748
2185 336 13081
2186 332 13217
2187 356 13181
2188 332 13426
2189 332 13102
2190 338 13377
2191 334 13277
2192 336 13135
2193 328 13162
2194 331 13146
2195 384 13103
2196 350 13370
2197 339 13696
2198 342 13187
2199 338 13133
2200 330 13118
2201 334 13128
2202 340 13141
2203 336 13107
2204 338 13090
2205 334 13206
2206 335 13173
2207 332 13122
2208 344 13109
2209 330 13184
2210 340 13130
2211 350 13152
2212 333 13157
2213 336 13115
2214 332 13318
2215 336 13770
2216 343 13187
2217 334 13176
2218 366 13340
2219 450 13111
2220 339 13156
2221 454 15196
2222 362 13120
2223 336 13235
2224 329 13291
2225 337 13246
2226 334 13188
2227 333 13129
2228 337 13110
2229 358 13093
2230 338 13271
2231 340 13270
2232 342 13078
2233 331 13155
2234 342 13147
2235 331 13184
2236 371 13864
2237 380 13736
2238 352 13231
2239 338 13210
2240 336 13117
2241 344 13121
2242 338 13269
2243 329 13202
2244 332 13203
2245 337 13151
2246 332 13158
2247 342 13715
2248 337 13165
2249 329 13230
2250 340 13118
2251 341 13160
2252 329 13164
2253 341 13369
2254 352 13168
2255 353 13428
2256 343 13762
2257 351 13956
2258 349 13709
2259 336 13381
2260 338 13373
2261 351 13145
2262 348 17052
2263 350 13483
2264 342 13335
2265 333 13240
2266 335 13376
2267 347 13362
2268 437 13282
2269 334 13622
2270 332 13161
2271 334 13142
2272 347 13239
2273 338 13278
2274 333 13147
2275 333 13317
2276 341 13248
2277 345 13249
2278 334 13798
2279 331 13241
2280 337 13202
2281 333 13116
2282 328 13118
2283 337 13157
2284 342 13190
2285 335 13115
2286 326 13155
2287 346 13163
2288 347 13268
2289 328 13094
2290 327 13135
2291 329 13155
2292 331 13310
2293 337 13096
2294 346 13137
2295 341 13230
2296 369 13335
2297 342 13159
2298 395 13173
2299 335 13327
2300 335 13160
2301 334 13110
2302 329 13123
2303 325 13185
2304 488 14127
2305 438 13091
2306 331 13146
2307 343 13138
2308 327 13136
2309 327 13165
2310 334 13318
2311 327 13106
2312 328 13200
2313 329 13419
2314 336 13109
2315 348 13137
2316 329 13238
2317 340 13247
2318 335 13253
2319 380 15650
2320 345 14036
2321 348 14083
2322 347 13614
2323 349 13610
2324 331 13189
2325 336 13120
2326 334 13121
2327 344 13206
2328 332 13149
2329 338 13222
2330 352 13150
2331 332 13141
2332 336 13121
2333 347 13134
2334 331 13107
2335 344 13293
2336 339 13118
2337 387 13127
2338 344 13130
2339 327 13776
2340 343 13259
2341 341 17281
2342 491 15724
2343 330 13120
2344 335 13112
2345 436 15946
2346 331 13255
2347 330 13085
2348 337 13107
2349 363 13216
2350 373 13168
2351 331 13454
2352 339 13181
2353 333 13117
2354 346 13239
2355 349 13153
2356 336 13122
2357 349 13199
2358 348 13286
2359 332 13338
2360 376 13323
2361 331 13169
2362 349 13192
2363 333 13124
2364 335 13133
2365 331 13166
2366 355 13159
2367 331 13122
2368 333 13164
2369 334 13140
2370 332 13228
2371 332 13225
2372 343 13159
2373 348 13141
2374 332 13360
2375 334 13166
2376 331 13147
2377 346 13245
2378 345 13477
2379 347 13163
2380 332 13457
2381 335 13352
2382 331 13128
2383 335 13288
2384 333 13095
2385 329 13110
2386 332 13644
2387 489 13685
2388 333 13164
2389 331 13117
2390 359 13141
2391 327 13161
2392 347 13419
2393 341 13121
2394 329 13168
2395 338 13257
2396 338 13108
2397 332 13104
2398 338 13167
2399 342 13258
2400 344 13249
2401 332 14848
2402 347 13803
2403 341 13416
2404 331 13163
2405 328 13145
2406 329 13171
2407 370 13108
2408 335 13119
2409 341 13121
2410 328 13174
2411 441 13211
2412 338 13147
2413 381 13150
2414 329 13104
2415 330 13106
2416 343 13111
2417 329 13104
2418 342 13114
2419 335 13107
2420 336 13136
2421 332 13171
2422 333 14320
2423 375 13762
2424 330 13423
2425 349 13566
2426 328 13227
2427 332 13394
2428 348 17582
2429 354 13270
2430 337 13120
2431 337 13121
2432 335 13157
2433 333 13486
2434 331 13191
2435 378 13166
2436 331 13383
2437 330 13199
2438 329 13129
2439 350 13179
2440 337 13175
2441 331 13371
2442 350 14000
2443 329 13163
2444 329 13143
2445 335 13371
2446 330 13254
2447 333 13140
2448 334 13112
2449 334 13224
2450 327 13130
2451 352 13119
2452 386 13183
2453 336 13111
2454 335 13140
2455 336 13130
2456 332 13177
2457 332 13147
2458 344 13133
2459 338 13109
2460 336 13204
2461 328 13263
2462 344 13234
2463 340 13769
2464 342 13173
2465 342 14026
2466 331 13113
2467 329 13339
2468 328 13205
2469 333 13140
2470 435 15561
2471 340 13132
2472 355 13176
2473 385 13209
2474 330 13420
2475 334 13189
2476 331 13177
2477 331 13308
2478 342 13144
2479 337 13320
2480 333 13168
2481 349 13132
2482 344 13305
2483 336 13884
2484 376 13153
2485 335 13125
2486 335 13147
2487 333 13113
2488 353 13110
2489 344 13729
2490 337 13110
2491 329 13189
2492 332 13182
2493 345 13374
2494 342 13126
2495 337 13136
2496 329 13143
2497 331 13110
2498 333 13168
2499 328 13115
2500 338 13198
2501 331 13099
2502 344 13413
2503 329 13192
2504 345 13263
2505 393 13907
2506 337 13657
2507 350 13607
2508 341 13908
2509 343 14044
2510 354 13429
2511 337 15945
2512 514 13551
2513 369 13358
2514 356 14014
2515 330 13499
2516 355 13154
2517 331 13174
2518 329 13450
2519 333 13114
2520 330 13119
2521 334 13166
2522 336 13150
2523 340 13333
2524 406 13127
2525 331 13819
2526 333 13157
2527 334 13136
2528 329 13109
2529 330 13179
2530 340 13192
2531 337 13124
2532 330 13124
2533 367 13110
2534 436 13200
2535 337 13129
2536 331 13154
2537 339 13199
2538 328 13171
2539 336 13152
2540 333 13344
2541 342 13231
2542 332 13134
2543 329 13114
2544 330 13214
2545 329 14678
2546 333 13353
2547 331 13244
2548 358 13154
2549 329 13106
2550 336 13111
2551 329 13943
2552 338 13215
2553 463 15137
2554 372 13111
2555 364 13471
2556 505 13203
2557 331 13138
2558 333 13117
2559 340 13274
2560 351 13212
2561 331 13143
2562 331 13150
2563 341 13166
2564 347 13299
2565 353 13369
2566 332 13172
2567 336 13104
2568 344 13215
2569 335 13339
2570 333 13190
2571 338 13127
2572 333 13195
2573 340 13134
2574 351 13181
2575 352 13178
2576 336 13485
2577 364 13139
2578 326 13174
2579 342 13114
2580 334 13138
2581 345 13115
2582 341 13444
2583 343 13214
2584 336 13326
2585 336 13102
2586 336 13099
2587 330 13637
2588 497 14083
2589 334 13549
2590 337 13340
2591 355 13911
2592 365 13552
2593 330 13103
2594 328 16298
2595 330 13242
2596 353 13463
2597 335 13112
2598 337 13561
2599 329 13358
2600 335 13142
2601 338 13110
2602 333 13224
2603 328 13201
2604 337 13268
2605 327 13909
2606 337 13119
2607 345 13406
2608 337 13153
2609 329 13194
2610 335 13187
2611 329 13189
2612 334 13322
2613 329 13135
2614 331 13154
2615 333 13599
2616 334 13187
2617 334 13208
2618 328 13194
2619 353 13479
2620 358 13642
2621 354 13153
2622 334 13211
2623 338 13236
2624 335 13278
2625 330 13232
2626 347 13407
2627 337 13329
2628 343 13619
2629 337 13157
2630 341 13135
2631 335 13161
2632 335 13103
2633 339 13170
2634 330 13180
2635 329 16750
2636 331 13825
2637 334 13134
2638 331 13158
2639 331 13187
2640 329 13144
2641 330 13150
2642 333 13413
2643 351 13249
2644 335 13139
2645 347 13247
2646 429 13182
2647 329 13193
2648 340 13159
2649 381 13127
2650 336 13174
2651 332 13124
2652 338 13169
2653 334 13164
2654 330 13120
2655 331 13153
2656 341 13251
2657 333 13190
2658 481 15065
2659 331 13120
2660 362 13120
2661 332 13199
2662 335 13159
2663 341 13369
2664 360 13469
2665 330 13135
2666 327 13162
2667 331 13111
2668 347 13235
2669 372 13134
2670 363 14055
2671 357 14102
2672 350 13864
2673 349 14842
2674 367 14032
2675 346 13579
2676 348 15707
2677 381 13338
2678 342 13105
2679 330 13337
2680 332 13191
2681 329 13171
2682 340 13162
2683 331 13189
2684 359 13170
2685 334 13526
2686 341 13910
2687 332 13171
2688 336 13200
2689 343 13133
2690 328 13800
2691 330 13261
2692 330 13221
2693 351 13125
2694 330 13169
2695 345 13108
2696 328 13252
2697 329 13135
2698 350 13111
2699 335 13122
2700 340 13132
2701 328 13130
2702 330 13136
2703 329 13129
2704 350 13230
2705 336 13144
2706 330 13446
2707 347 13185
2708 389 13147
2709 328 13234
2710 330 13929
2711 334 13507
2712 355 13281
2713 343 13294
2714 350 13229
2715 356 13269
2716 328 13168
2717 330 13254
2718 328 17196
2719 355 13137
2720 336 13227
2721 343 13273
2722 357 13158
2723 356 13162
2724 334 13158
2725 329 13464
2726 331 13341
2727 336 14110
2728 330 13235
2729 337 13427
2730 335 13130
2731 336 13270
2732 367 13146
2733 336 13529
2734 344 13138
2735 339 13379
2736 335 13224
2737 334 13244
2738 367 13136
2739 330 13172
2740 346 13142
2741 333 13164
2742 344 13157
2743 340 13159
2744 330 13116
2745 342 13524
2746 350 13319
2747 330 13200
2748 345 13394
2749 343 13134
2750 330 13136
2751 329 13434
2752 329 13792
2753 348 14159
2754 360 14315
2755 346 14081
2756 350 13922
2757 341 13383
2758 332 13173
2759 329 16662
2760 361 13138
2761 392 13176
2762 335 13377
2763 342 13139
2764 333 13163
2765 353 13236
2766 334 13144
2767 336 13377
2768 429 13159
2769 337 14863
2770 479 14760
2771 342 13198
2772 338 13552
2773 353 13487
2774 382 14391
2775 337 13400
2776 339 13164
2777 336 13199
2778 338 13232
2779 328 13270
2780 341 13213
2781 332 13327
2782 344 13271
2783 336 13413
2784 337 13200
2785 328 13381
2786 330 13224
2787 344 13243
2788 353 13620
2789 364 13368
2790 330 13193
2791 337 13265
2792 349 13169
2793 342 13130
2794 344 13465
2795 336 13582
2796 392 14474
2797 346 13615
2798 333 13626
2799 352 13734
2800 330 17119
2801 369 13321
2802 329 13377
2803 332 13156
2804 331 13183
2805 326 13159
2806 335 13127
2807 338 13486
2808 386 13175
2809 347 13126
2810 337 13155
2811 346 13115
2812 338 13244
2813 337 13372
2814 331 13517
2815 333 13146
2816 355 13329
2817 341 14227
2818 352 13608
2819 329 13233
2820 330 13398
2821 333 13133
2822 343 13172
2823 333 13189
2824 333 13305
2825 341 13298
2826 351 13253
2827 351 13123
2828 332 13158
2829 327 13122
2830 333 13322
2831 337 13154
2832 440 13120
2833 332 13123
2834 371 15722
2835 353 13895
2836 334 13673
2837 342 14013
2838 337 14015
2839 365 14751
2840 353 13268
2841 474 14856
2842 333 13459
2843 336 13243
2844 333 13144
2845 336 13235
2846 340 13710
2847 346 13449
2848 331 13863
2849 335 13139
2850 347 13176
2851 333 13153
2852 330 13237
2853 331 13116
2854 334 13197
2855 333 13358
2856 329 13179
2857 336 13283
2858 343 13566
2859 333 13489
2860 333 13542
2861 343 13208
2862 328 13227
2863 335 13240
2864 329 13189
2865 333 13288
2866 330 13291
2867 365 13140
2868 329 13421
2869 327 13173
2870 334 13294
2871 332 13197
2872 337 13158
2873 333 13149
2874 328 13581
2875 330 13340
2876 335 13327
2877 335 13143
2878 334 13244
2879 331 13414
2880 362 14215
2881 348 13190
2882 627 16151
2883 330 13213
2884 335 13150
2885 328 13171
2886 336 13155
2887 357 13116
2888 329 13184
2889 354 13153
2890 327 13156
2891 346 13145
2892 327 13115
2893 329 13150
2894 329 13142
2895 342 13237
2896 334 13157
2897 329 13118
2898 338 13131
2899 332 13585
2900 329 13129
2901 328 13148
2902 331 13118
2903 327 13346
2904 337 13429
2905 331 13209
2906 335 13241
2907 337 13198
2908 335 13216
2909 342 13269
2910 336 13145
2911 331 13302
2912 331 13160
2913 331 13277
2914 329 13565
2915 333 14065
2916 355 13988
2917 336 14710
2918 343 13349
2919 346 15341
2920 489 15914
2921 389 15708
2922 394 15606
2923 556 16899
2924 353 13623
2925 340 13437
2926 330 13302
2927 330 13174
2928 332 13332
2929 347 13299
2930 328 13241
2931 339 13169
2932 345 13304
2933 327 13127
2934 329 13319
2935 335 14277
2936 344 13576
2937 348 13802
2938 333 13690
2939 352 14040
2940 359 14038
2941 357 13700
2942 332 13949
2943 346 13615
2944 354 13266
2945 361 13163
2946 329 14252
2947 351 13961
2948 373 13762
2949 364 14040
2950 346 14075
2951 343 14312
2952 354 13487
2953 351 13427
2954 358 13268
2955 336 13826
2956 336 13262
2957 327 13145
2958 335 13166
2959 334 13255
2960 334 13484
2961 336 13163
2962 327 13308
2963 342 13850
2964 508 13854
2965 328 13234
2966 370 13305
2967 329 13663
2968 329 13447
2969 329 13936
2970 365 13230
2971 348 13217
2972 329 13142
2973 330 13433
2974 339 13235
2975 356 13219
2976 334 14184
2977 349 14079
2978 330 13450
2979 340 13739
2980 339 13187
2981 329 13359
2982 340 13189
2983 338 13285
2984 328 13215
2985 335 13186
2986 346 13125
2987 372 13828
2988 335 13268
2989 353 13884
2990 345 13253
2991 337 13210
2992 331 13210
2993 336 13137
2994 347 13120
2995 332 13588
2996 328 14122
2997 479 14082
2998 339 13790
2999 357 13812
3000 357 13755
