1 250 2
2 14 2
3 8 2
4 6 2
5 5 2
6 4 2
7 4 2
8 3 2
9 3 2
10 3 2
11 3 2
12 3 2
13 3 2
14 3 2
15 3 2
16 3 2
17 3 3
18 3 2
19 3 2
20 3 2
21 3 3
22 3 2
23 3 2
24 3 2
25 2 2
26 3 2
27 2 3
28 2 2
29 2 2
30 2 3
31 3 2
32 2 3
33 3 3
34 3 2
35 3 2
36 3 2
37 3 3
38 3 2
39 3 2
40 3 2
41 3 2
42 3 2
43 3 2
44 3 2
45 3 2
46 3 2
47 3 2
48 2 2
49 3 2
50 3 3
51 2 2
52 2 2
53 2 2
54 2 2
55 2 3
56 2 2
57 2 3
58 2 2
59 2 2
60 2 2
61 2 2
62 2 2
63 2 2
64 2 2
65 3 2
66 3 2
67 2 3
68 2 2
69 2 2
70 2 2
71 2 2
72 3 2
73 2 2
74 2 2
75 2 3
76 2 3
77 3 3
78 2 2
79 2 2
80 2 2
81 2 3
82 2 3
83 2 3
84 3 4
85 3 4
86 3 2
87 3 2
88 2 3
89 2 2
90 2 3
91 2 2
92 2 2
93 2 2
94 3 2
95 2 3
96 2 2
97 3 2
98 3 2
99 3 2
100 3 3
101 3 2
102 3 2
103 3 2
104 3 2
105 3 3
106 3 3
107 3 2
108 3 3
109 3 2
110 3 2
111 3 2
112 3 2
113 3 2
114 3 2
115 3 2
116 2 3
117 3 2
118 3 2
119 2 2
120 3 3
121 3 3
122 3 3
123 3 2
124 3 3
125 3 2
126 3 3
127 3 2
128 3 2
129 3 3
130 3 2
131 3 2
132 3 2
133 3 2
134 3 3
135 3 2
136 3 3
137 3 3
138 3 3
139 3 3
140 3 3
141 3 3
142 3 3
143 3 3
144 3 3
145 3 2
146 3 2
147 3 2
148 3 3
149 3 2
150 3 2
151 3 2
152 3 2
153 3 2
154 3 2
155 3 3
156 3 3
157 3 2
158 3 2
159 3 2
160 3 2
161 3 3
162 3 2
163 3 3
164 3 3
165 3 2
166 3 2
167 3 2
168 3 2
169 3 2
170 3 2
171 3 2
172 3 3
173 3 2
174 3 2
175 3 3
176 3 2
177 3 2
178 3 3
179 3 2
180 3 3
181 3 2
182 3 2
183 3 2
184 3 2
185 3 2
186 3 2
187 3 2
188 3 3
189 3 3
190 3 3
191 3 3
192 3 3
193 3 2
194 3 2
195 3 2
196 3 2
197 3 2
198 3 2
199 3 2
200 3 2
201 3 2
202 3 3
203 3 2
204 3 2
205 3 2
206 3 2
207 3 2
208 3 2
209 3 2
210 3 2
211 3 2
212 3 2
213 3 2
214 3 2
215 3 2
216 3 2
217 3 2
218 3 3
219 3 2
220 3 2
221 3 3
222 3 2
223 3 2
224 3 2
225 3 2
226 3 3
227 3 2
228 3 2
229 3 2
230 3 2
231 3 2
232 3 2
233 3 2
234 3 2
235 3 2
236 3 2
237 3 2
238 3 2
239 3 2
240 3 3
241 3 3
242 3 3
243 3 3
244 3 2
245 3 3
246 3 4
247 3 4
248 3 2
249 3 3
250 3 2
251 3 2
252 3 3
253 3 3
254 3 2
255 3 2
256 3 2
257 3 2
258 3 2
259 3 2
260 3 3
261 3 3
262 3 2
263 3 2
264 3 3
265 3 2
266 3 2
267 3 3
268 3 2
269 3 2
270 3 2
271 3 2
272 3 2
273 3 2
274 3 2
275 3 2
276 3 2
277 3 3
278 3 2
279 3 2
280 3 3
281 3 3
282 3 2
283 3 3
284 3 2
285 3 2
286 3 3
287 3 3
288 3 2
289 3 3
290 3 2
291 3 2
292 3 3
293 3 2
294 3 2
295 3 3
296 3 2
297 3 3
298 3 3
299 3 2
300 3 2
301 3 3
302 3 2
303 3 2
304 3 3
305 3 3
306 3 2
307 3 3
308 3 2
309 3 2
310 3 3
311 4 3
312 3 3
313 3 3
314 3 2
315 3 2
316 3 2
317 3 2
318 3 2
319 3 2
320 3 2
321 3 2
322 3 2
323 3 2
324 3 3
325 3 2
326 3 2
327 3 2
328 3 2
329 3 3
330 3 3
331 3 2
332 3 3
333 3 2
334 3 3
335 3 3
336 3 2
337 3 2
338 3 3
339 3 2
340 3 2
341 3 3
342 3 3
343 3 2
344 3 3
345 3 2
346 3 2
347 3 3
348 3 2
349 3 2
350 3 2
351 3 2
352 3 3
353 3 2
354 3 2
355 3 3
356 3 2
357 3 3
358 3 3
359 3 2
360 3 2
361 3 2
362 3 2
363 3 2
364 3 2
365 3 2
366 3 2
367 3 2
368 3 2
369 3 2
370 3 2
371 3 2
372 3 3
373 3 2
374 3 2
375 3 3
376 3 2
377 3 2
378 3 2
379 3 2
380 3 2
381 3 2
382 3 2
383 3 2
384 3 2
385 3 2
386 3 3
387 3 2
388 3 2
389 3 2
390 3 2
391 3 2
392 3 2
393 3 2
394 3 3
395 3 2
396 3 2
397 3 3
398 3 2
399 3 2
400 3 3
401 3 2
402 3 3
403 3 4
404 3 3
405 3 2
406 3 3
407 3 2
408 3 2
409 3 2
410 3 2
411 3 2
412 3 3
413 3 2
414 3 2
415 3 3
416 3 2
417 3 2
418 3 2
419 3 2
420 3 2
421 3 3
422 3 2
423 3 2
424 3 2
425 3 2
426 3 2
427 3 2
428 3 2
429 3 2
430 3 2
431 3 2
432 3 3
433 3 2
434 3 2
435 3 3
436 3 2
437 3 3
438 3 3
439 3 2
440 3 2
441 3 2
442 3 2
443 3 3
444 3 2
445 3 2
446 3 3
447 3 2
448 3 2
449 3 2
450 3 3
451 3 3
452 3 3
453 3 2
454 3 2
455 3 2
456 3 2
457 3 2
458 3 3
459 3 2
460 3 3
461 3 3
462 3 2
463 3 3
464 3 2
465 3 3
466 3 2
467 3 2
468 3 2
469 3 2
470 3 2
471 3 2
472 3 2
473 3 2
474 3 2
475 3 2
476 3 2
477 3 2
478 3 2
479 3 2
480 3 2
481 3 2
482 3 2
483 3 2
484 3 2
485 3 2
486 3 2
487 3 3
488 3 3
489 3 3
490 3 3
491 3 3
492 3 2
493 3 2
494 3 3
495 3 2
496 3 2
497 3 2
498 3 2
499 3 2
500 3 2
501 3 3
502 3 2
503 3 2
504 3 2
505 3 2
506 3 2
507 3 2
508 3 2
509 3 2
510 3 2
511 3 2
512 3 2
513 3 3
514 3 2
515 3 2
516 3 2
517 3 2
518 3 2
519 3 2
520 3 2
521 3 2
522 3 2
523 3 2
524 3 2
525 3 2
526 3 2
527 3 2
528 3 3
529 3 2
530 3 3
531 3 2
532 3 3
533 3 2
534 3 2
535 3 2
536 3 2
537 3 2
538 3 2
539 3 2
540 3 2
541 3 2
542 3 2
543 3 2
544 3 3
545 4 2
546 3 3
547 3 3
548 3 3
549 3 3
550 3 2
551 4 2
552 3 3
553 3 2
554 3 2
555 3 3
556 3 4
557 4 3
558 4 3
559 4 2
560 3 2
561 3 2
562 3 2
563 3 3
564 3 3
565 3 3
566 3 3
567 3 3
568 3 3
569 4 3
570 3 3
571 3 2
572 4 2
573 3 2
574 3 2
575 3 2
576 3 2
577 4 2
578 4 2
579 4 3
580 4 3
581 4 2
582 4 2
583 4 3
584 4 3
585 4 2
586 4 3
587 4 3
588 4 3
589 4 3
590 4 3
591 4 2
592 4 3
593 4 2
594 4 3
595 4 2
596 4 3
597 4 3
598 4 2
599 4 2
600 4 3
601 4 3
602 4 3
603 4 2
604 4 3
605 4 2
606 4 2
607 4 2
608 4 3
609 4 2
610 4 2
611 4 2
612 4 2
613 4 2
614 4 2
615 4 3
616 4 2
617 4 2
618 4 3
619 4 2
620 4 2
621 4 2
622 4 3
623 4 2
624 4 2
625 4 3
626 4 3
627 4 3
628 4 3
629 4 4
630 4 3
631 4 2
632 4 2
633 4 2
634 4 2
635 4 2
636 4 2
637 4 3
638 4 2
639 4 2
640 4 3
641 4 3
642 4 2
643 4 3
644 4 3
645 4 3
646 4 3
647 4 3
648 4 2
649 4 3
650 4 3
651 4 3
652 4 2
653 4 2
654 4 2
655 4 2
656 4 2
657 4 3
658 4 2
659 4 2
660 4 3
661 4 3
662 4 3
663 4 2
664 4 3
665 4 3
666 4 3
667 4 2
668 4 3
669 4 3
670 4 3
671 4 3
672 4 3
673 4 3
674 4 3
675 4 3
676 4 3
677 4 3
678 4 3
679 4 2
680 4 2
681 4 2
682 4 2
683 4 2
684 4 2
685 4 2
686 4 3
687 4 2
688 4 2
689 4 2
690 4 2
691 4 3
692 4 2
693 4 2
694 4 3
695 4 4
696 5 4
697 4 2
698 4 2
699 4 3
700 4 3
701 4 2
702 4 2
703 4 3
704 4 3
705 4 2
706 4 2
707 5 3
708 5 3
709 4 2
710 4 2
711 4 2
712 4 2
713 4 2
714 4 3
715 4 2
716 4 2
717 4 2
718 4 2
719 4 2
720 4 2
721 4 3
722 4 3
723 4 3
724 4 3
725 4 3
726 4 2
727 4 3
728 4 2
729 4 2
730 4 2
731 4 2
732 4 2
733 4 3
734 4 3
735 4 2
736 4 2
737 4 2
738 4 2
739 4 2
740 4 2
741 4 3
742 4 2
743 5 3
744 4 2
745 4 2
746 4 2
747 4 2
748 4 2
749 4 2
750 4 2
751 4 2
752 4 2
753 4 2
754 4 2
755 4 3
756 4 2
757 4 2
758 4 3
759 4 3
760 4 3
761 4 3
762 4 3
763 4 2
764 4 2
765 4 3
766 4 2
767 4 2
768 5 2
769 5 3
770 5 3
771 5 2
772 5 3
773 5 2
774 5 2
775 5 3
776 5 2
777 5 2
778 5 2
779 5 2
780 5 3
781 5 2
782 5 2
783 5 2
784 5 2
785 5 3
786 5 3
787 5 3
788 5 2
789 5 2
790 5 2
791 5 3
792 5 2
793 5 2
794 5 2
795 5 2
796 5 2
797 5 2
798 5 2
799 5 2
800 5 2
801 5 2
802 5 3
803 5 2
804 5 2
805 5 2
806 5 2
807 5 3
808 5 2
809 5 2
810 5 3
811 5 2
812 5 3
813 5 2
814 5 2
815 5 2
816 5 2
817 5 2
818 5 2
819 5 3
820 5 2
821 5 3
822 5 3
823 5 3
824 5 2
825 5 2
826 5 2
827 5 2
828 5 2
829 5 2
830 5 2
831 5 3
832 5 2
833 5 2
834 5 2
835 5 2
836 5 2
837 5 2
838 5 3
839 5 2
840 5 2
841 5 2
842 5 2
843 5 2
844 5 2
845 5 2
846 5 2
847 5 2
848 5 2
849 5 2
850 5 3
851 5 2
852 5 2
853 5 2
854 5 2
855 5 3
856 5 3
857 5 2
858 5 2
859 5 2
860 5 2
861 5 2
862 5 2
863 5 2
864 5 2
865 5 3
866 5 2
867 5 2
868 5 2
869 5 2
870 5 2
871 5 2
872 5 2
873 5 2
874 5 2
875 5 2
876 5 3
877 5 2
878 5 2
879 5 2
880 5 2
881 5 2
882 5 2
883 5 3
884 5 2
885 5 2
886 5 2
887 5 2
888 5 2
889 5 2
890 5 3
891 5 3
892 5 3
893 5 2
894 5 2
895 5 2
896 5 3
897 5 2
898 5 2
899 5 2
900 5 2
901 5 2
902 5 2
903 5 2
904 5 2
905 5 2
906 5 2
907 5 2
908 5 2
909 5 2
910 5 2
911 5 2
912 5 2
913 5 2
914 5 2
915 5 2
916 5 2
917 5 2
918 5 2
919 5 2
920 5 2
921 5 2
922 5 2
923 5 2
924 5 2
925 5 2
926 5 2
927 6 2
928 5 2
929 5 3
930 6 2
931 6 4
932 6 4
933 6 3
934 6 3
935 6 3
936 6 3
937 6 3
938 6 2
939 5 2
940 6 3
941 6 3
942 6 2
943 5 2
944 5 3
945 6 2
946 5 3
947 5 2
948 5 2
949 5 2
950 5 2
951 5 2
952 5 2
953 5 2
954 5 2
955 5 3
956 5 2
957 5 2
958 5 2
959 5 2
960 6 2
961 6 2
962 6 2
963 6 2
964 6 3
965 6 2
966 6 2
967 6 3
968 6 2
969 6 2
970 6 2
971 6 2
972 6 2
973 6 2
974 6 2
975 6 2
976 6 2
977 6 2
978 6 3
979 6 2
980 6 2
981 6 2
982 6 2
983 6 2
984 6 2
985 6 2
986 6 3
987 6 2
988 6 2
989 6 2
990 6 3
991 6 3
992 6 2
993 6 2
994 6 3
995 6 2
996 6 3
997 6 2
998 6 2
999 6 2
1000 6 2
1001 6 2
1002 6 2
1003 6 2
1004 6 2
1005 6 2
1006 6 2
1007 6 2
1008 6 2
1009 6 2
1010 6 2
1011 6 2
1012 6 2
1013 6 2
1014 6 2
1015 6 2
1016 6 3
1017 6 2
1018 6 2
1019 6 2
1020 6 2
1021 6 2
1022 6 2
1023 6 2
1024 6 2
